06 45 -16.7 -1.44 Sirius
06 24 -52.7 -0.62 Canopus
14 40 -60.8 -0.27 RigilKentaurus
14 16 +19.2 -0.05 Arcturus
18 37 +38.8  0.03 Vega
05 17 +46.0  0.08 Capella
05 15  -8.2  0.18 Rigel
07 39  +5.2  0.40 Procyon
01 38 -57.2  0.45 Achernar
05 55  +7.4  0.45 Betelgeuse
14 04 -60.4  0.61 null
19 51  +8.9  0.76 null
12 27 -63.1  0.77 null
04 36 +16.5  0.87 null
13 25 -11.2  0.98 null
16 29 -26.4  1.06 null
07 45 +28.0  1.16 null
22 58 -29.6  1.17 null
12 48 -59.7  1.25 null
20 41 +45.3  1.25 null
10 08 +12.0  1.36 null
06 59 -29.0  1.50 null
07 35 +31.9  1.58 null
12 31 -57.1  1.59 null
17 34 -37.1  1.62 null
05 25  +6.3  1.64 null
05 26 +28.6  1.65 null
09 13 -69.7  1.67 null
05 36  -1.2  1.69 null
22 08 -47.0  1.73 null
05 41  -1.9  1.74 null
08 10 -47.3  1.75 null
12 54 +56.0  1.76 null
03 24 +49.9  1.79 null
18 24 -34.4  1.79 null
11 04 +61.8  1.81 null
07 08 -26.4  1.83 null
13 48 +49.3  1.85 null
08 23 -59.5  1.86 null
17 37 -43.0  1.86 null
06 00 +44.9  1.90 null
16 49 -69.0  1.91 null
06 38 +16.4  1.93 null
08 45 -54.7  1.93 null
20 26 -56.7  1.94 null
02 32 +89.3  1.97 null
06 23 -18.0  1.98 null
09 28  -8.7  1.99 null
02 07 +23.5  2.01 null
10 20 +19.8  2.01 null
00 44 -18.0  2.04 null
18 55 -26.3  2.05 null
14 07 -36.4  2.06 null
00 08 +29.1  2.07 null
01 10 +35.6  2.07 null
05 48  -9.7  2.07 null
14 51 +74.2  2.07 null
22 43 -46.9  2.07 null
17 35 +12.6  2.08 null
03 08 +41.0  2.09 null
02 04 +42.3  2.10 null
11 49 +14.6  2.14 null
00 57 +60.7  2.15 null
12 42 -49.0  2.20 null
08 04 -40.0  2.21 null
09 17 -59.3  2.21 null
15 35 +26.7  2.22 null
09 08 -43.4  2.23 null
13 24 +54.9  2.23 null
20 22 +40.3  2.23 null
00 41 +56.5  2.24 null
17 57 +51.5  2.24 null
05 32  -0.3  2.25 null
00 09 +59.2  2.28 null
13 40 -53.5  2.29 null
16 00 -22.6  2.29 null
16 50 -34.3  2.29 null
14 42 -47.4  2.30 null
14 36 -42.2  2.33 null
11 02 +56.4  2.34 null
14 45 +27.1  2.35 null
21 44  +9.9  2.38 null
17 42 -39.0  2.39 null
00 26 -42.3  2.40 null
11 54 +53.7  2.41 null
17 10 -15.7  2.43 null
23 04 +28.1  2.44 null
07 24 -29.3  2.45 null
21 19 +62.6  2.45 null
09 22 -55.0  2.47 null
20 46 +34.0  2.48 null
23 05 +15.2  2.49 null
03 02  +4.1  2.54 null
16 37 -10.6  2.54 null
13 56 -47.3  2.55 null
11 14 +20.5  2.56 null
16 05 -19.8  2.56 null
05 33 -17.8  2.58 null
12 08 -50.7  2.58 null
12 16 -17.5  2.58 null
19 03 -29.9  2.60 null
15 17  -9.4  2.61 null
15 44  +6.4  2.63 null
01 55 +20.8  2.64 null
14 51 -16.0  2.64 null
05 40 -34.1  2.65 null
06 00 +37.2  2.65 null
12 34 -23.4  2.65 null
01 26 +60.2  2.66 null
13 55 +18.4  2.68 null
14 59 -43.1  2.68 null
04 57 +33.2  2.69 null
10 47 -49.4  2.69 null
12 37 -69.1  2.69 null
17 31 -37.3  2.70 null
07 17 -37.1  2.71 null
18 21 -29.8  2.72 null
19 46 +10.6  2.72 null
16 14  -3.7  2.73 null
16 24 +61.5  2.73 null
10 43 -64.4  2.74 null
12 42  -1.5  2.74 null
05 35  -5.9  2.75 null
13 21 -36.7  2.75 null
17 43  +4.6  2.76 null
05 08  -5.1  2.78 null
16 30 +21.5  2.78 null
12 15 -58.7  2.79 null
17 30 +52.3  2.79 null
12 56 +38.3  2.80 null
15 35 -41.2  2.80 null
05 28 -20.8  2.81 null
16 41 +31.6  2.81 null
00 26 -77.3  2.82 null
16 36 -28.2  2.82 null
18 28 -25.4  2.82 null
00 13 +15.2  2.83 null
08 08 -24.3  2.83 null
15 55 -63.4  2.83 null
03 54 +31.9  2.84 null
17 25 -55.5  2.84 null
17 32 -49.9  2.84 null
03 47 +24.1  2.85 null
13 02 +11.0  2.85 null
21 47 -16.1  2.85 null
01 59 -61.6  2.86 null
19 45 +45.1  2.86 null
06 23 +22.5  2.87 null
15 19 -68.7  2.87 null
22 19 -60.3  2.87 null
02 58 -40.3  2.88 null
19 10 -21.0  2.88 null
07 27 +08.3  2.89 null
15 59 -26.1  2.89 null
03 58 +40.0  2.90 null
16 21 -25.6  2.90 null
19 31 +28.0  2.90 null
21 32 -05.6  2.90 null
03 05 +53.5  2.91 null
09 47 -65.1  2.92 null
22 43 +30.2  2.93 null
06 50 -50.6  2.94 null
12 30 -16.5  2.94 null
22 06 -00.3  2.95 null
03 58 -13.5  2.97 null
05 38 +21.1  2.97 null
09 46 +23.8  2.97 null
18 06 -30.4  2.98 null
13 19 -23.2  2.99 null
17 48 -40.1  2.99 null
19 05 +13.9  2.99 null
02 10 +35.0  3.00 null
11 10 +44.5  3.00 null
15 21 +71.8  3.00 null
16 52 -38.0  3.00 null
21 54 -37.4  3.00 null
03 43 +47.8  3.01 null
06 20 -30.1  3.02 null
07 03 -23.8  3.02 null
12 10 -22.6  3.02 null
05 02 +43.8  3.03 null
12 46 -68.1  3.04 null
14 32 +38.3  3.04 null
20 21 -14.8  3.05 null
06 44 +25.1  3.06 null
10 22 +41.5  3.06 null
19 13 +67.7  3.07 null
18 18 -36.8  3.10 null
08 55 +05.9  3.11 null
10 50 -16.2  3.11 null
11 36 -63.0  3.11 null
20 38 -47.3  3.11 null
05 51 -35.8  3.12 null
08 59 +48.0  3.12 null
16 59 -56.0  3.12 null
17 15 +24.8  3.12 null
14 59 -42.1  3.13 null
09 21 +34.4  3.14 null
09 31 -57.0  3.16 null
17 15 +36.8  3.16 null
